Actus apostolorum

8,12, , . . ,. 711,3
8,13, . 498, 93 659, 24
8, 29. ,784,241788,16
9,311.. . , , , 715,25
9,4. ,44327178625
9, 18.. ,719, 27
9, 25,, .298, 25
191111.. 657, 4
19,13, ,263, 181131311ξᾶ
19, 41.. ,579 18
19,44111,ΞΞ ,788 29
19,48., ,71118
ll, 15111 .789, 1
11, 2711.. ,659, 8
13, 48.. ,9315
15, 9. 735,2
15,29,, . , ,323,11,
16,14. . . . , ,99919
16,16-18, , . . 83410
16,17. . . , . ,99226
17, 24. . . , . ,199519
17,28. . , , . .693,11
19,15, , , . . 1951, 22

ad Romanos

ωμηηω9
μη1μ.94
ιωμωωωῶ,
mwffiffi
quwfflffi
9993
mmmm
QOmmm
mn
qumwmffl
qnffifflffffiffig
1,25. ,289,111433,221
(1.......3111
199999
mm

w,wffim9
wfflwmae
w‚7
‚U.„m’m
,Umm

1,6..9’24,241925,39,
4,17., ..195612
4, 2911 .92’5, 5
4, 25, ,259, 141 288, 22,
347, ’3²26 425, 241
199119

5, 3. ,998 15
5, 3111, 122, 261 798,
241 1952, 9

5, 5, 1,78, 31492, 291
499, 291 437, 2,

697, 21, 783, ’119
796151897, 121

944, 29· 1985, 22

5, 6 ,3911181 631, 19
5,12.. ,7,98 25
5,1211(1, ,,638 25
5, 14.. 224, 7, 259, 13
5, 16,. .9,55 14
5,17111 ,95119
5, 18.. 29, 29
5, 19.. ,299, 11
5, 29,, 243231492, 5·
495, 131 917, 2

6,111.. , , . .996, 26
6,4 . .426,241469.141
798, 19

6,6 . ,99121218141
426, 251 439, 25

6,9 . .169,181244,191
1913,7

6, 911.. . . . . 715, 19
6,12 ,936,17ς945, 15
6,13. , ,99,191259,3
6,18.,,,,, 9226
7,5,,,..,248,17
7,12. , , , , ,492,25
7,13. . , , ., 493,2
7,17, . . . . ,25823
7,18. . ,623, 83 624, 83
937,12

J! 19 . . ,936, 12

Μῇᾓηωω

 

