scriptotnm.

d Corinthiosl

1, 23.. 30819, 36815

1, 23188... ,264, 13

1, 24.. 728, 21, 778 4,

’,’782 14

807, 21

, , , , 69, 5,

720, 16

744,15, 74810

2,11, ,780,18, 885, 25;
1043, 27

’2,14.. 377, 22, 672 9
14· 678, 15· 879,

13, 786, 4

..588 23, 7,43 17

,,13ι88 Η ’
,.15 4981150317

7 55814,

788, 25, 999, 18,
10085

; 1:275. ...3929
. 904, 14. 22
,...... 5823

1117,

nd Corinthios I ...
6, 18,,,31, 10,·1024, 21.
26, 1030, 4, ll. 24

6,.19.. ...... 727,13

,,727 24

. . . ,985,17
,513 3, 591, 26,

921, 18

,1007,17

10, 4, 434, 1, 506, 20,
608, 18

10, 6, ..238 2, 290, 23
1811, ,1,3915,237,18,
319, 19, 631, 14,

’ 6881
10, 12.. 469, 22, 926, 4
10, 18. 64,2, 16, ·989, 14
10, 17.. ,,703 24
1818.. 86,,9, 16
10, 19 sq 834,, 17
10, 20 ...... 32819
188218... 982, 5
11, 3. .726, 10, 771, 12,
977, 80, 993, 5

11, 7. 223, 20
11, 19. ,,867 29
11,20., ,423,19
11,25.. ,423,16
11, 29.. 408,Ι Η.,;44222122, ἰ83,

 

