1104

Numeri 1633
17, 8
19,11,
21, 6111
21, 8qu
21, 9.
22, 28.

Deuteronomium
117 ;;; ;
6, 5 . , 129, 191
810, 173

Index

339, 23 Regnorum12l,6 . . . .

,,763 13
..1009, 11
1..012‚ 10
2,71, 7
,284,1
,,220 28

. 10228
, 555, 22

132, 15;
944, 12;
950, 19

(1, 11 . 1111111111

111111111111

10,1-0.
10,3 , ,332161

.834, 6
407, 24;

1 5609986311
- 106213

1813,
21, 23 , 11, 26,

,9,51 17
279, 21

281, 21282, 3. 12;

2210
2211
23,1,7

283, 19
242, 1
,241,16
9.51‚ 18

24, 16. 3227;1078,10, 14

25, 4.
25, 5,
25, 5111..
28, 66 ,11281

.326,16
,5309

319, 8; 320, 6

284,20;

- 2851612863

34,5,..,.

111111 21

. 964,14
, 61612

...27219

63111,
6,71(1(1..,,,
6,19
62411...
1213
23,6,,.,,

Indicum 421
6,171(1,.
6,071(1(1,.,
γ9,81(1(1,,.,,
14,6.,,,,
14,,8

1111111·

10, 26,
16, 111111

111, 11

,35220

273, 0

. 433, 6
, 616, 12

85, 22
1073, 28

, 273, 21

3351

, 274, 2

607, 5

. 111, 14

2,7,3 18

,274, 8
,659 21
,930,16
,274, 9

,274,11
21,13 ,,,, 6091
28, 711111.. . , 95919
28,14-20 ,, 8947
28,19 ....963,16

1111 ...... 31216
1213. 1072,4;1073.2
221-51, , ,44319
Ἀῶψη,22

ΠΙ 846 , . . , 4515
10, 14-23 ., 8441
11,11(1(1. , . ,31419
11,4. , , , ,22412
1216 20. , ,274,15
1228... ..62624
17,6, 69, 21; 2742]
17,91(1(1. . . ,274,27
19,8 . 347, 71 4408Ἇ154ς
21,13 ....66821

1111 2,,11 ,48218
22011... ,,2756
4,,291111 ,2758
5 26 ,544,9; 54511
6,(1(141,215,15
,22 209, ,971, 24

Paralipomenon
112 18. ,,9361 16

Rura 1,...11111 ,2774

Tobias Ξ,1...311,1;113,1

4,15 27,;,;261192

8522335445
4,16 381147

1182 ,,,,, 91. 11

11ζ1.ἶῖζ.111)ζ11ι
111 ...... 1111
1111 ..... 1111

19, 26. ,547 182]
7 10⁵9* ,,,,, ¹21

 

