 

0919991699 000I 99911.

134916 1689923
9, 19 991 011
11, 19 9991)
9, 11 991 11
9, 191. 9. 9991
9, 191191. 008 110
11, 19 018, 19 9990999999
11, 1999 m. 9991999 0
19, 991. 9.-99 999 10
99, 99991. 9. 999 1191

De 91999 religiono

1,,9910111 74827613
1’9, 8op1n 10 9919. 99909991
38,.·6311138,7’2 ‘mn-8080
16,869.111.-49,9491111 8081088114'

Epistulae

LIIII 3, 4 914, 6 111804-18813
8nm8 mstmc

111, 2-2, 391. 188 4-18813
3, 49. 1.-4. 691111. 129 191-130 4
4fl8mst1 1wamn
7, 13-13119. 132 2-133 Δ
8, 16-10, 18 p. in. 133 19-134 0
10,19 136 01)
12, 22 22111 136 C
12,229.1.-14,261).1111. 1391113919
mNJwmmwwn m8mI

18, 23111 1-6, 30 140 B·D
16, 30111. -17, 32 140 121411]

20, 37 143 C
XCVIII 1-3111. 263 I-884 8

9991.-109. 1. 267 12266 O
811 1, 3-7 2741)-2764
CXX 2, 79.1.·2, 12 349 Ι)-361 F

3, 17 8. 1.-4, 20 Β. 1. 363 Ε-364 G
CXL 9, 24111.-10, 26 431 Β·432 Β

2911119919 119191

123, 221

Ι’ 99, 999

*10 106, 801⁴
*80 113, 181:
*81 1161211
*88 Ι118, 018

011111 199 991, 999
999, 9991

CXVIII 108 488, 848.
999, 1999

188b 130199

991, 818

404, 104

999, 8-18

199, 1999

488, 844

440, 744:

441, 804

999, 919

01111111 191 444. 999·
0011111999 999, 1199
9ο9, 9999

00011111 919 1919, 919

0011111999 911, 3010
0001911999 1626619

91, 991999, 99 94119991 1 00111111 999 808, 81-00

88. 99 Ι 99,-99, 991). in. 448 1448 1 ·

CXLVIII 2,11 6071260813
21219911 8088
1315119ῗ219.. 1919 ,

1

CCXX 238 701, 12-71
0110111911 999, 991
cxcnll 818 061, 6-3
991, 9-19
Ι991, 1999

 

