scriptorum.

......816,2οΡ11Ιωί80,26.,..
5164
, 01111 ὥ’21
......182,10
1662
3161
, 13621
......36628
...86211

11, Suq ,166 20
161. .928,16,1021,6
14, 11,, .99, 26, 951, 29
151061. ,611,24,
· 1059, 26
15, 11, .184,12,165, 12
. 16,2. 60,2, 11
17, 21 ,656 2
17, 32.. .,83 11
1665.. ,88616
11, 11., 611, 19, 618, 2
17, 16., ..66619
18, 411,.. 66.6, 16
166 ...... 744,ss ’
18,,1,611,11
18, 10.. 666, 21, ,1)Ψέ
18,-16.. 1,15, 6
18, 1811.. . ,84, 16
16,6,..,., 661,5
21,1.,.,.. 6611
, 21, 51,.. .,1081 61
21,1. .1062, 1
21, 27.. 82, ,10710512ἐ6
23, 2sq... ...651 20
24, 9. ,212 9
24, 10,.614, 16, 656, l
2615.. ,,16 11
24 11.. 68612, Μ, 16
25, 2 ....... 51, 0
25, 21,...- ,355, 21
266. ,14,12
26, 4. 166, 26, 15618
26, 6. 9,1,0 6
,81615

πὶοῑμῖ» ΒΞ ες ... “ --

- 091999

 

