Excerptorum. 1141
I Augustini 9919999191. Editionis huius 1
Quaestiones euangeli0rum
91 111b 999 119911 91181111 199999, 41111, 1
99 99119 9111111 199994, 11-999, 9
23 257 C 11 19491911, 23-1018, 2
29, 1. 2 257 1⁴¹·258 A OLXxllll 191590, 8-596,3
31 208 B-E CCGXX 9491919, 23-1017, 20
34 263 AI CLXXV 192596, 7-697, 14
41. 42. 43 269 6-270 B CLXXVI 193097, 18-098, 12
44, 1. 9 919 1911 4 91111111941999, 19-999, 11
46.1.2 1 271 Α-272Β CLXXVIII 1951600, 19-602, 27
47 27311-1) ¹ 9111111111191999,11-994,19

91, 1 91419191 1 91111199994,19-999,1

In Iohannis euangelium tractatus

1 919 19191 11 9911111991919, 9-99
. 91919149 j 919, 949919

Enarrationes Psalmorum

X alp in.-3 91. 1ΙΙΙΙ 99 1)-60 D CXVIII 1331428, 18-430, 16

111 11 1119 1. 1. 999 99911 9991111111 9911944,19-1949,19
1111 91-99 999 9999 1 1191999, 19999, 99
11111 11919119 911 9-919 D 41911949, 19949, 9
91 991. 1944 1-1949 ΑΙ 1199911, 19-919, 9

Sermones

vm 1419499 1 911 1911999, 1919, 99
11111 9, 119199, 9 99 1-94 9 9111 199999, 4991, 9
9, 119, 19 99 99 1991, 1-999, 11
9, 1919, 19 p. in. 99 9994 911111 194999, 19999, 19
11119, 99, 191911. 99999999 9111 191499, 19491, 11
9, 14 9. 1.-19, 19 991 9999 9 491, 19999, 19
10,1011.-12,111.i11. 99919991 499194199
19, 191. 1.-19, 99 m. 999 99991 419, 11-419, 99
19, 99 19,-99 s. 1. 991 11 419, 94419, 9
19, 91 ι. 919, 99 999 9999 9 419, 1411, 99
99, 999191, 941911. 49111 411, 99919, 99
91, 9911199991. 499 91 419, 94-419, 99
99, 919194, 99 499 14944 419, 94499, 91
CLXII 191 9-199 B 999111111 9991994, 99199914
99111 994 19991 911 199449, 9449, 99
991119,9ρ.11.-9,11ρ.19. 1999 B-1084B 9991191, 11-199, 9
9991 1949 919999 999111111994,1999,11-1199,9
911191 Ι 19991-1911111 9911111 999999, 9999, 99

 

