I. INDEX SCRIPTORVM.

——--

a) Loci scripturae sacrae.

nonis 1, l. ,139 20 141, 8· Genesin 2,15 ...... 8746

142, 1610, 14,3 22, 2, lsssq. ,196, 2, 211, 5

147, 14. 21, 152, 24, 2,17, ,280, 0, 283, 27,

153,1, 74410, 910,17

1021, 27 ,520, 20

1,2,.140,14.19,24, 21:22 250,,4,530,1

144, 28, 145, 622, , 1.066, 25

146, 5, 24, 231, 1, .13'9,17; 1011, 6,

343, 10 1045, 26

2sq... ,445, 11 , ,977, 9

3,,141,1,142,17.555,·14,712,15

’22, 144, 27 , ,774,18

3sq.. .,145 1,2 146, , ,,212 15

› 21. 25 , 224,, 10, 713, 21

4, ,,155 25 ¹, 224, 12, 713, 20

5, , , ,,259 18

53,(,.,.. , ,11,68,24,479,27,

12, , 481, 2

, 308,12

20 , , ..10, 8, 221, 9.

,223αέἐῖ 1220

24. 628,14,763,17
25, ,229, 26
26, 221, 17· 729, 20,
1041, 7, 1043, 21,

27. .250, 1, 778,16 , 21, 255, 11, 259, 10

1.155,26,196,10, ,251,10, 18

437,11,1042, 10 ,251ἱ25; 252,
sq.. .24,9 17
sqq.221,10
..431 11¹
sq.. ,555, 6
,436 26

.227, 24, 481, 8;

1060, 17, 1064, 24

··· ··..413

1,
1,
l,
1,
1,
1,
l,
1,
1,
1,
1,
1,
1,
1,
1,
1,
2,
2,
2,
2,
2,
2,
2,
2,

3
1
l
2.
2
3.
7,
8
9,

 

