Excerptorum. 1136

m
Editionis huius U Augustini 7777777177

———.———-

 

xiiiul 111· 1111, 7pii'7777 7777 0101111111 11 707 011
1777, 111 1 11 111 10
1111111111-11 coil 0111, 111. n71113171773)
l Θ
1111, 1111111 1, 11-1, 11 777-777gn
1111111111111,1-1111,11 7 77 1111101111.

11, 111111, 1111. 111 (1-11 1
111111111111111,11.1111,110111111 11111 1111 11 111· 11110
11111111111111,11.1111,1 11 , 111 111 ’
00011111,1111,111111,1 111 111 1-1111

111·1111,11.1111,1 p. imp. 111111.

111 111. 1. 77b 1771 111)
0101111111111,1-1111, 1 11111 011 1, 111-11, 1111 111 1-111 Β
001111 1111111,11-1111,1 111111110111111. 77 1111 1-11 0
mum 1111111111111, 7777 111 1, 1111, 111111 111 1-1110
1111111 1111111,111111,1 1, 111111. 11101111
1001111111111,111111,1 1, 111111, 11 111 11111
001111 1111111, 7-17 17, 11-1417. 777 11
011111 1111111, 71.1077,1 111111111111111 11 11 1111
11111111111111,11-1111,1 11111. 0001 1 1111111111 1)

0) Index locorum Augustini.

11110611. '1777717

sp.in.-7,1077 1111)-1111)

, 7777, 0111. 177 7177 Β

, 111-11, 11 177 11111 11, 111111
13,2011.-24,311.1. 11111111 VIIII 7 01, 13-80, 10
, 311031, 41 707 1771017 77, 10-90, 20
11,11 11 11 770 1-111 1 x 77 111, 11111, 11
,31-31, 43111. 222 80201 XI 77 111,1-111,11

>rdine ΙΙ
, 111, 11 111 1-1111 *11 171, 7-177, 7

¹) 11111 epistuu iu editione Benedictinorum non exstat.

 

